('SGD, time:', 1048.9881241321564)
              precision    recall  f1-score   support

           0       1.00      1.00      1.00       605
           1       1.00      1.00      1.00       597
           2       1.00      1.00      1.00       266
           3       1.00      1.00      1.00      1565
           4       1.00      1.00      1.00      1441
           5       1.00      1.00      1.00      1012
           6       1.00      1.00      1.00       829
           7       1.00      0.97      0.98       493
           8       1.00      1.00      1.00      1150
           9       0.98      0.99      0.99       936
          10       1.00      1.00      1.00      1110
          11       0.98      1.00      0.99      1127
          12       1.00      0.99      0.99      1332
          13       1.00      1.00      1.00      1037
          14       1.00      1.00      1.00       410
          15       1.00      1.00      1.00      5306
          16       1.00      1.00      1.00      2204
          17       1.00      1.00      1.00       343
          18       0.99      1.00      1.00       962
          19       1.00      1.00      1.00      1421
          20       0.99      1.00      1.00       952
          21       1.00      0.99      0.99       961
          22       1.00      0.99      1.00       148
          23       1.00      1.00      1.00       358
          24       1.00      1.00      1.00      4875
          25       1.00      1.00      1.00      1738
          26       1.00      1.00      1.00      1069
          27       1.00      1.00      1.00       440
          28       0.95      1.00      0.98      2048
          29       0.88      0.97      0.92       958
          30       0.99      0.96      0.98      1829
          31       0.97      0.99      0.98       921
          32       0.99      0.94      0.97      1707
          33       0.91      1.00      0.95      1610
          34       1.00      0.81      0.89      1347
          35       1.00      0.99      1.00      5175
          36       0.97      0.99      0.98       360
          37       0.98      1.00      0.99      1532

   micro avg       0.99      0.99      0.99     52174
   macro avg       0.99      0.99      0.99     52174
weighted avg       0.99      0.99      0.99     52174

-----------------------------------------------------------
('SGD Dropout 0.5, time:', 2749.6617867946625)
              precision    recall  f1-score   support

           0       0.99      0.99      0.99       605
           1       0.99      1.00      0.99       597
           2       1.00      0.99      0.99       266
           3       0.99      0.99      0.99      1565
           4       0.99      1.00      0.99      1441
           5       1.00      1.00      1.00      1012
           6       1.00      0.99      1.00       829
           7       0.96      0.98      0.97       493
           8       1.00      1.00      1.00      1150
           9       0.99      0.98      0.98       936
          10       0.99      1.00      1.00      1110
          11       0.95      0.98      0.96      1127
          12       0.98      0.95      0.97      1332
          13       1.00      1.00      1.00      1037
          14       1.00      1.00      1.00       410
          15       1.00      1.00      1.00      5306
          16       0.99      1.00      0.99      2204
          17       0.99      0.99      0.99       343
          18       0.98      0.97      0.97       962
          19       0.98      0.98      0.98      1421
          20       0.98      0.99      0.98       952
          21       0.97      0.96      0.96       961
          22       0.99      0.91      0.95       148
          23       0.99      1.00      1.00       358
          24       0.99      1.00      1.00      4875
          25       1.00      1.00      1.00      1738
          26       1.00      1.00      1.00      1069
          27       1.00      1.00      1.00       440
          28       0.89      0.99      0.94      2048
          29       0.91      0.81      0.86       958
          30       0.95      0.93      0.94      1829
          31       0.94      0.92      0.93       921
          32       0.98      0.87      0.92      1707
          33       0.92      0.97      0.94      1610
          34       0.92      0.91      0.91      1347
          35       0.99      0.98      0.98      5175
          36       0.92      0.98      0.95       360
          37       0.98      0.99      0.99      1532

   micro avg       0.98      0.98      0.98     52174
   macro avg       0.98      0.97      0.97     52174
weighted avg       0.98      0.98      0.98     52174

-----------------------------------------------------------
('SGD Dropout 0.1, time:', 2457.439723968506)
              precision    recall  f1-score   support

           0       0.94      0.74      0.83       605
           1       0.80      0.96      0.87       597
           2       0.92      0.74      0.82       266
           3       0.93      0.83      0.88      1565
           4       0.90      0.96      0.93      1441
           5       0.87      0.98      0.92      1012
           6       0.86      0.97      0.91       829
           7       0.87      0.82      0.84       493
           8       0.94      1.00      0.97      1150
           9       0.92      0.89      0.91       936
          10       0.99      0.98      0.98      1110
          11       0.87      0.85      0.86      1127
          12       0.87      0.92      0.89      1332
          13       0.96      0.98      0.97      1037
          14       0.99      0.89      0.94       410
          15       0.98      0.98      0.98      5306
          16       0.93      0.96      0.95      2204
          17       0.95      0.85      0.90       343
          18       0.80      0.87      0.84       962
          19       0.93      0.79      0.85      1421
          20       0.86      0.95      0.90       952
          21       0.85      0.75      0.80       961
          22       1.00      0.32      0.48       148
          23       1.00      0.89      0.94       358
          24       0.93      0.98      0.95      4875
          25       0.97      0.97      0.97      1738
          26       0.95      0.95      0.95      1069
          27       0.96      0.95      0.95       440
          28       0.82      0.87      0.84      2048
          29       0.64      0.57      0.60       958
          30       0.85      0.64      0.73      1829
          31       0.78      0.72      0.75       921
          32       0.69      0.79      0.74      1707
          33       0.63      0.95      0.76      1610
          34       0.68      0.75      0.71      1347
          35       0.98      0.87      0.92      5175
          36       0.86      0.71      0.78       360
          37       0.97      0.83      0.89      1532

   micro avg       0.89      0.89      0.89     52174
   macro avg       0.89      0.85      0.86     52174
weighted avg       0.89      0.89      0.89     52174

-----------------------------------------------------------
('SGD Dropout 0.9, time:', 2520.741107225418)
              precision    recall  f1-score   support

           0       0.99      1.00      0.99       605
           1       1.00      1.00      1.00       597
           2       0.99      1.00      1.00       266
           3       1.00      0.99      0.99      1565
           4       1.00      1.00      1.00      1441
           5       1.00      1.00      1.00      1012
           6       1.00      1.00      1.00       829
           7       0.99      1.00      0.99       493
           8       1.00      1.00      1.00      1150
           9       1.00      0.99      0.99       936
          10       1.00      1.00      1.00      1110
          11       0.99      1.00      1.00      1127
          12       1.00      1.00      1.00      1332
          13       1.00      1.00      1.00      1037
          14       1.00      1.00      1.00       410
          15       1.00      1.00      1.00      5306
          16       1.00      1.00      1.00      2204
          17       1.00      1.00      1.00       343
          18       1.00      0.97      0.99       962
          19       0.98      1.00      0.99      1421
          20       1.00      1.00      1.00       952
          21       0.99      0.99      0.99       961
          22       1.00      0.99      1.00       148
          23       1.00      1.00      1.00       358
          24       1.00      1.00      1.00      4875
          25       1.00      1.00      1.00      1738
          26       1.00      1.00      1.00      1069
          27       1.00      1.00      1.00       440
          28       0.97      1.00      0.99      2048
          29       0.99      0.91      0.95       958
          30       0.94      1.00      0.97      1829
          31       0.99      0.97      0.98       921
          32       1.00      0.96      0.98      1707
          33       0.97      0.99      0.98      1610
          34       0.96      0.98      0.97      1347
          35       1.00      0.99      1.00      5175
          36       0.98      1.00      0.99       360
          37       1.00      0.99      0.99      1532

   micro avg       0.99      0.99      0.99     52174
   macro avg       0.99      0.99      0.99     52174
weighted avg       0.99      0.99      0.99     52174

-----------------------------------------------------------
