loss: 4.2999
loss: 0.5783
loss: 0.3652
loss: 0.1952
loss: 0.0460
loss: 0.0166
loss: 0.0130
loss: 0.0089
loss: 0.0058
loss: 0.0046
SGD, time: 387.22414779663086
              precision    recall  f1-score   support

           0       0.89      0.81      0.85       124
           1       0.90      0.87      0.89       140
           2       0.90      0.82      0.86        55
           3       0.91      0.95      0.93       338
           4       0.97      0.97      0.97       266
           5       0.95      0.96      0.95       221
           6       0.93      0.95      0.94       199
           7       0.71      0.78      0.74        99
           8       0.97      0.97      0.97       242
           9       0.84      0.77      0.80       195
          10       0.98      0.99      0.98       237
          11       0.81      0.91      0.86       222
          12       0.91      0.84      0.87       277
          13       0.97      0.97      0.97       215
          14       0.95      0.92      0.93        77
          15       0.99      0.99      0.99      1076
          16       0.91      0.96      0.94       478
          17       0.84      0.81      0.83        79
          18       0.88      0.85      0.86       211
          19       0.93      0.89      0.91       291
          20       0.90      0.93      0.91       248
          21       0.90      0.78      0.83       211
          22       0.79      0.92      0.85        37
          23       0.94      0.93      0.93        69
          24       0.97      0.99      0.98      1022
          25       0.98      0.97      0.97       343
          26       0.97      0.92      0.94       242
          27       0.97      0.97      0.97        95
          28       0.91      0.91      0.91       438
          29       0.57      0.64      0.60       193
          30       0.79      0.77      0.78       391
          31       0.80      0.73      0.76       173
          32       0.78      0.87      0.82       352
          33       0.76      0.90      0.83       334
          34       0.84      0.65      0.74       304
          35       0.95      0.97      0.96      1013
          36       0.86      0.83      0.84        75
          37       0.96      0.90      0.93       303

    accuracy                           0.91     10885
   macro avg       0.89      0.88      0.88     10885
weighted avg       0.91      0.91      0.91     10885

-----------------------------------------------------------
