loss: 4.1901
loss: 0.5789
loss: 0.1517
loss: 0.0169
loss: 0.0134
loss: 0.0107
loss: 0.0069
loss: 0.0038
loss: 0.0026
loss: 0.0021
SGD, time: 397.453501701355
              precision    recall  f1-score   support

           0       0.90      0.85      0.88       124
           1       0.91      0.93      0.92       140
           2       0.90      0.82      0.86        55
           3       0.95      0.93      0.94       338
           4       0.96      0.94      0.95       266
           5       0.95      0.90      0.93       221
           6       0.95      0.97      0.96       199
           7       0.64      0.86      0.74        99
           8       0.95      0.95      0.95       242
           9       0.88      0.72      0.79       195
          10       0.99      0.96      0.97       237
          11       0.90      0.91      0.91       222
          12       0.93      0.91      0.92       277
          13       0.97      0.98      0.97       215
          14       0.94      0.96      0.95        77
          15       0.99      0.99      0.99      1076
          16       0.94      0.95      0.95       478
          17       0.91      0.90      0.90        79
          18       0.90      0.79      0.84       211
          19       0.88      0.92      0.90       291
          20       0.92      0.90      0.91       248
          21       0.82      0.81      0.82       211
          22       0.67      0.70      0.68        37
          23       0.96      0.93      0.94        69
          24       0.98      0.97      0.98      1022
          25       0.96      0.95      0.96       343
          26       0.95      0.90      0.93       242
          27       0.89      0.95      0.92        95
          28       0.90      0.93      0.92       438
          29       0.48      0.67      0.56       193
          30       0.77      0.78      0.77       391
          31       0.77      0.68      0.72       173
          32       0.79      0.82      0.80       352
          33       0.80      0.86      0.83       334
          34       0.87      0.69      0.77       304
          35       0.95      0.95      0.95      1013
          36       0.76      0.85      0.81        75
          37       0.93      0.94      0.94       303

    accuracy                           0.91     10885
   macro avg       0.88      0.88      0.88     10885
weighted avg       0.91      0.91      0.91     10885

-----------------------------------------------------------
