loss: 3.7073
loss: 0.3458
loss: 0.0549
loss: 0.0191
loss: 0.0185
loss: 0.0061
loss: 0.0022
loss: 0.0023
loss: 0.0021
loss: 0.0016
SGD, time: 3189.5111689567566
              precision    recall  f1-score   support

           0       0.83      0.81      0.82       124
           1       0.88      0.92      0.90       140
           2       0.89      0.75      0.81        55
           3       0.93      0.93      0.93       338
           4       0.95      0.95      0.95       266
           5       0.94      0.93      0.93       221
           6       0.94      0.96      0.95       199
           7       0.62      0.81      0.70        99
           8       0.97      0.98      0.98       242
           9       0.90      0.71      0.79       195
          10       0.97      1.00      0.98       237
          11       0.95      0.88      0.91       222
          12       0.91      0.96      0.93       277
          13       0.99      0.99      0.99       215
          14       0.99      0.96      0.97        77
          15       0.99      0.98      0.99      1076
          16       0.93      0.94      0.94       478
          17       0.91      0.91      0.91        79
          18       0.86      0.82      0.83       211
          19       0.90      0.91      0.90       291
          20       0.92      0.93      0.92       248
          21       0.81      0.82      0.81       211
          22       0.67      0.78      0.72        37
          23       0.91      0.93      0.92        69
          24       0.98      0.98      0.98      1022
          25       0.97      0.98      0.97       343
          26       0.94      0.91      0.92       242
          27       0.90      0.92      0.91        95
          28       0.95      0.84      0.89       438
          29       0.52      0.66      0.58       193
          30       0.85      0.73      0.79       391
          31       0.77      0.72      0.74       173
          32       0.76      0.84      0.80       352
          33       0.79      0.88      0.83       334
          34       0.88      0.68      0.77       304
          35       0.93      0.97      0.95      1013
          36       0.78      0.85      0.82        75
          37       0.91      0.97      0.94       303

    accuracy                           0.91     10885
   macro avg       0.88      0.88      0.88     10885
weighted avg       0.91      0.91      0.91     10885

-----------------------------------------------------------
