('SGD, time:', 2854.22398519516)
              precision    recall  f1-score   support

           0       0.95      0.96      0.96       124
           1       0.98      0.99      0.98       140
           2       1.00      0.98      0.99        55
           3       0.98      0.99      0.98       338
           4       0.99      1.00      0.99       266
           5       1.00      0.99      0.99       221
           6       0.99      0.99      0.99       199
           7       0.79      0.94      0.86        99
           8       1.00      1.00      1.00       242
           9       0.96      0.85      0.90       195
          10       1.00      0.99      0.99       237
          11       0.97      0.94      0.96       222
          12       0.95      0.98      0.96       277
          13       1.00      1.00      1.00       215
          14       0.99      0.99      0.99        77
          15       1.00      1.00      1.00      1076
          16       0.98      0.99      0.99       478
          17       0.99      0.95      0.97        79
          18       0.96      0.95      0.95       211
          19       0.97      0.96      0.96       291
          20       0.97      0.99      0.98       248
          21       0.94      0.93      0.94       211
          22       1.00      0.89      0.94        37
          23       1.00      0.99      0.99        69
          24       1.00      1.00      1.00      1022
          25       0.99      0.99      0.99       343
          26       0.99      0.97      0.98       242
          27       1.00      0.98      0.99        95
          28       0.98      0.97      0.97       438
          29       0.72      0.84      0.78       193
          30       0.90      0.89      0.89       391
          31       0.90      0.87      0.88       173
          32       0.93      0.88      0.90       352
          33       0.91      0.92      0.92       334
          34       0.90      0.87      0.88       304
          35       0.98      0.99      0.98      1013
          36       0.91      0.95      0.93        75
          37       0.98      0.97      0.98       303

   micro avg       0.96      0.96      0.96     10885
   macro avg       0.96      0.95      0.96     10885
weighted avg       0.96      0.96      0.96     10885

-----------------------------------------------------------
('SGD Dropout 0.5, time:', 6923.006998062134)
              precision    recall  f1-score   support

           0       0.98      0.94      0.96       124
           1       0.98      0.97      0.97       140
           2       1.00      1.00      1.00        55
           3       0.98      0.99      0.98       338
           4       0.99      1.00      0.99       266
           5       1.00      1.00      1.00       221
           6       0.99      0.98      0.99       199
           7       0.82      0.85      0.84        99
           8       1.00      1.00      1.00       242
           9       0.91      0.88      0.90       195
          10       1.00      1.00      1.00       237
          11       0.96      0.96      0.96       222
          12       0.97      0.97      0.97       277
          13       1.00      1.00      1.00       215
          14       0.99      0.99      0.99        77
          15       1.00      1.00      1.00      1076
          16       0.97      1.00      0.99       478
          17       0.99      0.99      0.99        79
          18       0.96      0.97      0.96       211
          19       0.97      0.96      0.97       291
          20       0.98      0.98      0.98       248
          21       0.92      0.97      0.94       211
          22       1.00      0.86      0.93        37
          23       1.00      1.00      1.00        69
          24       0.99      1.00      0.99      1022
          25       0.99      1.00      0.99       343
          26       0.99      0.98      0.98       242
          27       1.00      0.99      0.99        95
          28       0.95      0.97      0.96       438
          29       0.87      0.65      0.75       193
          30       0.94      0.87      0.90       391
          31       0.91      0.84      0.87       173
          32       0.90      0.91      0.90       352
          33       0.92      0.90      0.91       334
          34       0.80      0.92      0.86       304
          35       0.96      1.00      0.98      1013
          36       0.92      0.95      0.93        75
          37       0.99      0.95      0.97       303

   micro avg       0.96      0.96      0.96     10885
   macro avg       0.96      0.95      0.96     10885
weighted avg       0.96      0.96      0.96     10885

-----------------------------------------------------------
('SGD Dropout 0.1, time:', 6149.072966098785)
              precision    recall  f1-score   support

           0       0.95      0.85      0.90       124
           1       0.94      0.96      0.95       140
           2       1.00      0.91      0.95        55
           3       0.96      0.96      0.96       338
           4       0.96      0.98      0.97       266
           5       0.98      0.98      0.98       221
           6       0.99      0.99      0.99       199
           7       0.82      0.87      0.84        99
           8       0.99      1.00      0.99       242
           9       0.92      0.84      0.88       195
          10       0.97      0.99      0.98       237
          11       0.97      0.89      0.93       222
          12       0.92      0.97      0.95       277
          13       1.00      1.00      1.00       215
          14       0.99      0.96      0.97        77
          15       0.99      0.99      0.99      1076
          16       0.94      0.98      0.96       478
          17       0.97      0.86      0.91        79
          18       0.96      0.86      0.91       211
          19       0.90      0.93      0.92       291
          20       0.92      0.98      0.95       248
          21       0.89      0.88      0.88       211
          22       1.00      0.59      0.75        37
          23       1.00      0.97      0.99        69
          24       0.97      0.99      0.98      1022
          25       0.96      1.00      0.98       343
          26       0.98      0.97      0.97       242
          27       0.99      0.98      0.98        95
          28       0.82      0.95      0.88       438
          29       0.68      0.60      0.64       193
          30       0.93      0.74      0.83       391
          31       0.84      0.71      0.77       173
          32       0.78      0.82      0.80       352
          33       0.81      0.90      0.85       334
          34       0.77      0.83      0.80       304
          35       0.97      0.94      0.95      1013
          36       0.86      0.80      0.83        75
          37       0.95      0.93      0.94       303

   micro avg       0.93      0.93      0.93     10885
   macro avg       0.93      0.90      0.91     10885
weighted avg       0.93      0.93      0.93     10885

-----------------------------------------------------------
('SGD Dropout 0.9, time:', 6308.746709108353)
              precision    recall  f1-score   support

           0       0.93      0.96      0.94       124
           1       0.97      0.96      0.97       140
           2       0.96      0.96      0.96        55
           3       0.98      0.96      0.97       338
           4       0.98      0.99      0.99       266
           5       0.99      0.99      0.99       221
           6       0.98      0.99      0.98       199
           7       0.81      0.86      0.83        99
           8       1.00      1.00      1.00       242
           9       0.92      0.89      0.90       195
          10       1.00      0.99      0.99       237
          11       0.97      0.94      0.95       222
          12       0.95      0.97      0.96       277
          13       1.00      1.00      1.00       215
          14       0.99      0.99      0.99        77
          15       1.00      0.99      0.99      1076
          16       0.97      0.99      0.98       478
          17       0.99      0.90      0.94        79
          18       0.94      0.94      0.94       211
          19       0.96      0.95      0.96       291
          20       0.95      0.98      0.97       248
          21       0.95      0.91      0.93       211
          22       0.97      0.92      0.94        37
          23       1.00      0.97      0.99        69
          24       0.99      1.00      0.99      1022
          25       0.99      0.99      0.99       343
          26       0.99      0.96      0.97       242
          27       0.98      0.98      0.98        95
          28       0.97      0.96      0.97       438
          29       0.69      0.81      0.75       193
          30       0.92      0.85      0.88       391
          31       0.90      0.86      0.88       173
          32       0.90      0.89      0.90       352
          33       0.93      0.87      0.90       334
          34       0.82      0.90      0.86       304
          35       0.98      0.99      0.98      1013
          36       0.90      0.95      0.92        75
          37       0.98      0.96      0.97       303

   micro avg       0.96      0.96      0.96     10885
   macro avg       0.95      0.95      0.95     10885
weighted avg       0.96      0.96      0.96     10885

-----------------------------------------------------------
